[
 [
  [
   [
    1, 
    5, 
    3
   ], 
   [
    2, 
    11, 
    13
   ], 
   [
    4, 
    12, 
    8, 
    14, 
    15
   ], 
   [
    6, 
    10, 
    16
   ], 
   [
    7, 
    9
   ]
  ], 
  [
   [
    1, 
    2
   ], 
   [
    3, 
    4
   ], 
   [
    5, 
    6
   ], 
   [
    7, 
    8
   ], 
   [
    9, 
    10
   ], 
   [
    11, 
    12
   ], 
   [
    13, 
    14
   ], 
   [
    15, 
    16
   ]
  ]
 ], 
 [
  [
   [
    1, 
    3
   ], 
   [
    2, 
    7, 
    4, 
    9, 
    5
   ], 
   [
    6, 
    11, 
    13
   ], 
   [
    8, 
    12, 
    15
   ], 
   [
    10, 
    14, 
    16
   ]
  ], 
  [
   [
    1, 
    2
   ], 
   [
    3, 
    4
   ], 
   [
    5, 
    6
   ], 
   [
    7, 
    8
   ], 
   [
    9, 
    10
   ], 
   [
    11, 
    12
   ], 
   [
    13, 
    14
   ], 
   [
    15, 
    16
   ]
  ]
 ], 
 [
  [
   [
    1, 
    3
   ], 
   [
    2, 
    11, 
    9
   ], 
   [
    4, 
    8, 
    12, 
    14, 
    16
   ], 
   [
    5, 
    7
   ], 
   [
    6, 
    10, 
    13, 
    15
   ]
  ], 
  [
   [
    1, 
    2
   ], 
   [
    3, 
    4
   ], 
   [
    5, 
    6
   ], 
   [
    7, 
    8
   ], 
   [
    9, 
    10
   ], 
   [
    11, 
    12
   ], 
   [
    13, 
    14
   ], 
   [
    15, 
    16
   ]
  ]
 ], 
 [
  [
   [
    1, 
    3
   ], 
   [
    2, 
    13, 
    4, 
    15, 
    6
   ], 
   [
    5, 
    7
   ], 
   [
    8, 
    10, 
    14, 
    12, 
    16
   ], 
   [
    9, 
    11
   ]
  ], 
  [
   [
    1, 
    2
   ], 
   [
    3, 
    4
   ], 
   [
    5, 
    6
   ], 
   [
    7, 
    8
   ], 
   [
    9, 
    10
   ], 
   [
    11, 
    12
   ], 
   [
    13, 
    14
   ], 
   [
    15, 
    16
   ]
  ]
 ], 
 [
  [
   [
    1, 
    3
   ], 
   [
    2, 
    13, 
    11
   ], 
   [
    4, 
    10, 
    16
   ], 
   [
    5, 
    7, 
    9
   ], 
   [
    6, 
    12, 
    8, 
    15, 
    14
   ]
  ], 
  [
   [
    1, 
    2
   ], 
   [
    3, 
    4
   ], 
   [
    5, 
    6
   ], 
   [
    7, 
    8
   ], 
   [
    9, 
    10
   ], 
   [
    11, 
    12
   ], 
   [
    13, 
    14
   ], 
   [
    15, 
    16
   ]
  ]
 ], 
 [
  [
   [
    1, 
    3
   ], 
   [
    2, 
    6, 
    11, 
    8
   ], 
   [
    4, 
    14, 
    16
   ], 
   [
    5, 
    9, 
    7
   ], 
   [
    10, 
    15, 
    12, 
    13
   ]
  ], 
  [
   [
    1, 
    2
   ], 
   [
    3, 
    4
   ], 
   [
    5, 
    6
   ], 
   [
    7, 
    8
   ], 
   [
    9, 
    10
   ], 
   [
    11, 
    12
   ], 
   [
    13, 
    14
   ], 
   [
    15, 
    16
   ]
  ]
 ], 
 [
  [
   [
    1, 
    3
   ], 
   [
    2, 
    6, 
    11, 
    13
   ], 
   [
    4, 
    10, 
    16
   ], 
   [
    5, 
    7, 
    9
   ], 
   [
    8, 
    15, 
    12, 
    14
   ]
  ], 
  [
   [
    1, 
    2
   ], 
   [
    3, 
    4
   ], 
   [
    5, 
    6
   ], 
   [
    7, 
    8
   ], 
   [
    9, 
    10
   ], 
   [
    11, 
    12
   ], 
   [
    13, 
    14
   ], 
   [
    15, 
    16
   ]
  ]
 ], 
 [
  [
   [
    1, 
    3, 
    5
   ], 
   [
    2, 
    8, 
    13, 
    15
   ], 
   [
    4, 
    10, 
    14
   ], 
   [
    6, 
    12, 
    16
   ], 
   [
    7, 
    9, 
    11
   ]
  ], 
  [
   [
    1, 
    2
   ], 
   [
    3, 
    4
   ], 
   [
    5, 
    6
   ], 
   [
    7, 
    8
   ], 
   [
    9, 
    10
   ], 
   [
    11, 
    12
   ], 
   [
    13, 
    14
   ], 
   [
    15, 
    16
   ]
  ]
 ], 
 [
  [
   [
    1, 
    3, 
    5
   ], 
   [
    2, 
    4, 
    9, 
    7
   ], 
   [
    6, 
    14, 
    16
   ], 
   [
    8, 
    13, 
    11
   ], 
   [
    10, 
    12, 
    15
   ]
  ], 
  [
   [
    1, 
    2
   ], 
   [
    3, 
    4
   ], 
   [
    5, 
    6
   ], 
   [
    7, 
    8
   ], 
   [
    9, 
    10
   ], 
   [
    11, 
    12
   ], 
   [
    13, 
    14
   ], 
   [
    15, 
    16
   ]
  ]
 ], 
 [
  [
   [
    1, 
    3
   ], 
   [
    2, 
    6, 
    13, 
    15
   ], 
   [
    4, 
    10, 
    8, 
    14, 
    12, 
    16
   ], 
   [
    5, 
    7
   ], 
   [
    9, 
    11
   ]
  ], 
  [
   [
    1, 
    2
   ], 
   [
    3, 
    4
   ], 
   [
    5, 
    6
   ], 
   [
    7, 
    8
   ], 
   [
    9, 
    10
   ], 
   [
    11, 
    12
   ], 
   [
    13, 
    14
   ], 
   [
    15, 
    16
   ]
  ]
 ], 
 [
  [
   [
    1, 
    3
   ], 
   [
    2, 
    13, 
    6, 
    15
   ], 
   [
    4, 
    10, 
    14, 
    8, 
    12, 
    16
   ], 
   [
    5, 
    7
   ], 
   [
    9, 
    11
   ]
  ], 
  [
   [
    1, 
    2
   ], 
   [
    3, 
    4
   ], 
   [
    5, 
    6
   ], 
   [
    7, 
    8
   ], 
   [
    9, 
    10
   ], 
   [
    11, 
    12
   ], 
   [
    13, 
    14
   ], 
   [
    15, 
    16
   ]
  ]
 ], 
 [
  [
   [
    1, 
    3
   ], 
   [
    2, 
    9, 
    11
   ], 
   [
    4, 
    8, 
    10, 
    14, 
    12, 
    16
   ], 
   [
    5, 
    7
   ], 
   [
    6, 
    13, 
    15
   ]
  ], 
  [
   [
    1, 
    2
   ], 
   [
    3, 
    4
   ], 
   [
    5, 
    6
   ], 
   [
    7, 
    8
   ], 
   [
    9, 
    10
   ], 
   [
    11, 
    12
   ], 
   [
    13, 
    14
   ], 
   [
    15, 
    16
   ]
  ]
 ], 
 [
  [
   [
    1, 
    5, 
    3
   ], 
   [
    2, 
    13, 
    8, 
    11
   ], 
   [
    4, 
    10, 
    12, 
    15
   ], 
   [
    6, 
    14, 
    16
   ], 
   [
    7, 
    9
   ]
  ], 
  [
   [
    1, 
    2
   ], 
   [
    3, 
    4
   ], 
   [
    5, 
    6
   ], 
   [
    7, 
    8
   ], 
   [
    9, 
    10
   ], 
   [
    11, 
    12
   ], 
   [
    13, 
    14
   ], 
   [
    15, 
    16
   ]
  ]
 ], 
 [
  [
   [
    1, 
    3, 
    5
   ], 
   [
    2, 
    8, 
    13, 
    11
   ], 
   [
    4, 
    10, 
    15, 
    12
   ], 
   [
    6, 
    14, 
    16
   ], 
   [
    7, 
    9
   ]
  ], 
  [
   [
    1, 
    2
   ], 
   [
    3, 
    4
   ], 
   [
    5, 
    6
   ], 
   [
    7, 
    8
   ], 
   [
    9, 
    10
   ], 
   [
    11, 
    12
   ], 
   [
    13, 
    14
   ], 
   [
    15, 
    16
   ]
  ]
 ], 
 [
  [
   [
    1, 
    3
   ], 
   [
    2, 
    13, 
    15
   ], 
   [
    4, 
    6, 
    14, 
    10, 
    8, 
    16, 
    12
   ], 
   [
    5, 
    7
   ], 
   [
    9, 
    11
   ]
  ], 
  [
   [
    1, 
    2
   ], 
   [
    3, 
    4
   ], 
   [
    5, 
    6
   ], 
   [
    7, 
    8
   ], 
   [
    9, 
    10
   ], 
   [
    11, 
    12
   ], 
   [
    13, 
    14
   ], 
   [
    15, 
    16
   ]
  ]
 ], 
 [
  [
   [
    1, 
    3
   ], 
   [
    2, 
    9, 
    6, 
    11
   ], 
   [
    4, 
    10, 
    13, 
    15
   ], 
   [
    5, 
    7
   ], 
   [
    8, 
    12, 
    14, 
    16
   ]
  ], 
  [
   [
    1, 
    2
   ], 
   [
    3, 
    4
   ], 
   [
    5, 
    6
   ], 
   [
    7, 
    8
   ], 
   [
    9, 
    10
   ], 
   [
    11, 
    12
   ], 
   [
    13, 
    14
   ], 
   [
    15, 
    16
   ]
  ]
 ], 
 [
  [
   [
    1, 
    3
   ], 
   [
    2, 
    6, 
    11, 
    9
   ], 
   [
    4, 
    13, 
    15, 
    10
   ], 
   [
    5, 
    7
   ], 
   [
    8, 
    12, 
    14, 
    16
   ]
  ], 
  [
   [
    1, 
    2
   ], 
   [
    3, 
    4
   ], 
   [
    5, 
    6
   ], 
   [
    7, 
    8
   ], 
   [
    9, 
    10
   ], 
   [
    11, 
    12
   ], 
   [
    13, 
    14
   ], 
   [
    15, 
    16
   ]
  ]
 ], 
 [
  [
   [
    1, 
    3
   ], 
   [
    2, 
    11, 
    6, 
    8
   ], 
   [
    4, 
    12, 
    14, 
    16
   ], 
   [
    5, 
    7, 
    9
   ], 
   [
    10, 
    13, 
    15
   ]
  ], 
  [
   [
    1, 
    2
   ], 
   [
    3, 
    4
   ], 
   [
    5, 
    6
   ], 
   [
    7, 
    8
   ], 
   [
    9, 
    10
   ], 
   [
    11, 
    12
   ], 
   [
    13, 
    14
   ], 
   [
    15, 
    16
   ]
  ]
 ], 
 [
  [
   [
    1, 
    3
   ], 
   [
    2, 
    6, 
    11, 
    8
   ], 
   [
    4, 
    14, 
    12, 
    16
   ], 
   [
    5, 
    9, 
    7
   ], 
   [
    10, 
    15, 
    13
   ]
  ], 
  [
   [
    1, 
    2
   ], 
   [
    3, 
    4
   ], 
   [
    5, 
    6
   ], 
   [
    7, 
    8
   ], 
   [
    9, 
    10
   ], 
   [
    11, 
    12
   ], 
   [
    13, 
    14
   ], 
   [
    15, 
    16
   ]
  ]
 ], 
 [
  [
   [
    1, 
    3
   ], 
   [
    2, 
    7, 
    5
   ], 
   [
    4, 
    13, 
    15
   ], 
   [
    6, 
    9, 
    8, 
    11
   ], 
   [
    10, 
    14, 
    12, 
    16
   ]
  ], 
  [
   [
    1, 
    2
   ], 
   [
    3, 
    4
   ], 
   [
    5, 
    6
   ], 
   [
    7, 
    8
   ], 
   [
    9, 
    10
   ], 
   [
    11, 
    12
   ], 
   [
    13, 
    14
   ], 
   [
    15, 
    16
   ]
  ]
 ], 
 [
  [
   [
    1, 
    3
   ], 
   [
    2, 
    6, 
    12, 
    8, 
    15, 
    14
   ], 
   [
    4, 
    10, 
    16
   ], 
   [
    5, 
    7, 
    9
   ], 
   [
    11, 
    13
   ]
  ], 
  [
   [
    1, 
    2
   ], 
   [
    3, 
    4
   ], 
   [
    5, 
    6
   ], 
   [
    7, 
    8
   ], 
   [
    9, 
    10
   ], 
   [
    11, 
    12
   ], 
   [
    13, 
    14
   ], 
   [
    15, 
    16
   ]
  ]
 ], 
 [
  [
   [
    1, 
    3
   ], 
   [
    2, 
    11, 
    6, 
    9, 
    8
   ], 
   [
    4, 
    12, 
    14, 
    16
   ], 
   [
    5, 
    7
   ], 
   [
    10, 
    13, 
    15
   ]
  ], 
  [
   [
    1, 
    2
   ], 
   [
    3, 
    4
   ], 
   [
    5, 
    6
   ], 
   [
    7, 
    8
   ], 
   [
    9, 
    10
   ], 
   [
    11, 
    12
   ], 
   [
    13, 
    14
   ], 
   [
    15, 
    16
   ]
  ]
 ], 
 [
  [
   [
    1, 
    3
   ], 
   [
    2, 
    10, 
    14
   ], 
   [
    4, 
    12, 
    16
   ], 
   [
    5, 
    9, 
    7, 
    11
   ], 
   [
    6, 
    13, 
    8, 
    15
   ]
  ], 
  [
   [
    1, 
    2
   ], 
   [
    3, 
    4
   ], 
   [
    5, 
    6
   ], 
   [
    7, 
    8
   ], 
   [
    9, 
    10
   ], 
   [
    11, 
    12
   ], 
   [
    13, 
    14
   ], 
   [
    15, 
    16
   ]
  ]
 ]
]